Model : Proposed
Algorithm : MLP + ACTM + Utility-weighted Aggregation
Accuracy : 0.0199

              precision    recall  f1-score   support

           0       0.00      0.00      0.00        65
           1       0.00      0.00      0.00        36
           2       0.00      0.00      0.00        37
           3       0.00      0.00      0.00        36
           4       0.00      0.00      0.00        52
           5       0.02      1.00      0.04        46
           6       0.00      0.00      0.00        49
           7       0.00      0.00      0.00        87
           8       0.00      0.00      0.00        78
           9       0.00      0.00      0.00        84
          10       0.00      0.00      0.00        80
          11       0.00      0.00      0.00        87
          12       0.00      0.00      0.00        71
          13       0.00      0.00      0.00        21
          14       0.00      0.00      0.00        23
          15       0.00      0.00      0.00        24
          16       0.00      0.00      0.00        70
          17       0.00      0.00      0.00         7
          18       0.00      0.00      0.00         6
          19       0.00      0.00      0.00         8
          20       0.00      0.00      0.00        80
          21       0.00      0.00      0.00        85
          22       0.00      0.00      0.00        81
          23       0.00      0.00      0.00        78
          24       0.00      0.00      0.00        77
          25       0.00      0.00      0.00        15
          26       0.00      0.00      0.00        67
          27       0.00      0.00      0.00        12
          28       0.00      0.00      0.00        16
          29       0.00      0.00      0.00        59
          30       0.00      0.00      0.00        60
          31       0.00      0.00      0.00        64
          32       0.00      0.00      0.00        55
          33       0.00      0.00      0.00        45
          34       0.00      0.00      0.00        51
          35       0.00      0.00      0.00        45
          36       0.00      0.00      0.00        46
          37       0.00      0.00      0.00        42
          38       0.00      0.00      0.00        51
          39       0.00      0.00      0.00        84
          40       0.00      0.00      0.00        24
          41       0.00      0.00      0.00         7
          42       0.00      0.00      0.00        80
          43       0.00      0.00      0.00        14
          44       0.00      0.00      0.00        57
          45       0.00      0.00      0.00        46

    accuracy                           0.02      2308
   macro avg       0.00      0.02      0.00      2308
weighted avg       0.00      0.02      0.00      2308
