Accuracy      : 0.1040
Precision     : 0.0994
Recall        : 0.1040
Macro F1      : 0.0600
Weighted F1   : 0.0879

              precision    recall  f1-score   support

           0       0.15      0.09      0.11        65
           1       0.00      0.00      0.00        36
           2       0.00      0.00      0.00        37
           3       0.67      0.06      0.10        36
           4       0.05      0.02      0.03        52
           5       0.00      0.00      0.00        46
           6       0.11      0.02      0.03        49
           7       0.03      0.05      0.04        87
           8       0.02      0.03      0.02        78
           9       0.10      0.30      0.15        84
          10       0.07      0.14      0.09        80
          11       0.09      0.38      0.15        87
          12       0.21      0.24      0.23        71
          13       0.00      0.00      0.00        21
          14       0.00      0.00      0.00        23
          15       0.00      0.00      0.00        24
          16       0.14      0.16      0.15        70
          17       0.00      0.00      0.00         7
          18       0.00      0.00      0.00         6
          19       0.00      0.00      0.00         8
          20       0.20      0.21      0.20        80
          21       0.04      0.11      0.06        85
          22       0.42      0.40      0.41        81
          23       0.41      0.44      0.42        78
          24       0.03      0.05      0.04        77
          25       0.00      0.00      0.00        15
          26       0.19      0.16      0.18        67
          27       0.00      0.00      0.00        12
          28       0.00      0.00      0.00        16
          29       0.00      0.00      0.00        59
          30       0.04      0.02      0.02        60
          31       0.08      0.05      0.06        64
          32       0.09      0.02      0.03        55
          33       0.00      0.00      0.00        45
          34       0.00      0.00      0.00        51
          35       0.00      0.00      0.00        45
          36       0.00      0.00      0.00        46
          37       0.00      0.00      0.00        42
          38       0.17      0.02      0.04        51
          39       0.05      0.08      0.06        84
          40       0.00      0.00      0.00        24
          41       0.00      0.00      0.00         7
          42       0.05      0.05      0.05        80
          43       0.00      0.00      0.00        14
          44       0.04      0.02      0.02        57
          45       0.10      0.04      0.06        46

    accuracy                           0.10      2308
   macro avg       0.08      0.07      0.06      2308
weighted avg       0.10      0.10      0.09      2308
