Accuracy: 0.0365

              precision    recall  f1-score   support

           0       0.00      0.00      0.00       326
           1       0.00      0.00      0.00       181
           2       0.00      0.00      0.00       187
           3       0.00      0.00      0.00       177
           4       0.00      0.00      0.00       261
           5       0.00      0.00      0.00       230
           6       0.00      0.00      0.00       245
           7       0.00      0.00      0.00       435
           8       0.00      0.00      0.00       392
           9       0.04      1.00      0.07       421
          10       0.00      0.00      0.00       397
          11       0.00      0.00      0.00       435
          12       0.00      0.00      0.00       357
          13       0.00      0.00      0.00       105
          14       0.00      0.00      0.00       117
          15       0.00      0.00      0.00       120
          16       0.00      0.00      0.00       349
          17       0.00      0.00      0.00        36
          18       0.00      0.00      0.00        30
          19       0.00      0.00      0.00        38
          20       0.00      0.00      0.00       401
          21       0.00      0.00      0.00       422
          22       0.00      0.00      0.00       406
          23       0.00      0.00      0.00       391
          24       0.00      0.00      0.00       386
          25       0.00      0.00      0.00        74
          26       0.00      0.00      0.00       336
          27       0.00      0.00      0.00        58
          28       0.00      0.00      0.00        82
          29       0.00      0.00      0.00       293
          30       0.00      0.00      0.00       298
          31       0.00      0.00      0.00       320
          32       0.00      0.00      0.00       274
          33       0.00      0.00      0.00       227
          34       0.00      0.00      0.00       254
          35       0.00      0.00      0.00       224
          36       0.00      0.00      0.00       228
          37       0.00      0.00      0.00       208
          38       0.00      0.00      0.00       254
          39       0.00      0.00      0.00       418
          40       0.00      0.00      0.00       121
          41       0.00      0.00      0.00        33
          42       0.00      0.00      0.00       398
          43       0.00      0.00      0.00        69
          44       0.00      0.00      0.00       286
          45       0.00      0.00      0.00       231

    accuracy                           0.04     11531
   macro avg       0.00      0.02      0.00     11531
weighted avg       0.00      0.04      0.00     11531
