Accuracy      : 0.1006
Precision     : 0.0874
Recall        : 0.1006
Macro F1      : 0.0602
Weighted F1   : 0.0878

              precision    recall  f1-score   support

           0       0.23      0.18      0.20        65
           1       0.00      0.00      0.00        36
           2       0.00      0.00      0.00        37
           3       0.00      0.00      0.00        35
           4       0.00      0.00      0.00        52
           5       0.00      0.00      0.00        46
           6       0.00      0.00      0.00        49
           7       0.05      0.06      0.06        87
           8       0.03      0.04      0.03        78
           9       0.09      0.31      0.14        84
          10       0.06      0.14      0.09        80
          11       0.08      0.25      0.12        87
          12       0.19      0.18      0.19        71
          13       0.00      0.00      0.00        21
          14       0.00      0.00      0.00        23
          15       0.00      0.00      0.00        24
          16       0.21      0.23      0.22        70
          17       0.00      0.00      0.00         7
          18       0.00      0.00      0.00         6
          19       0.00      0.00      0.00         8
          20       0.20      0.17      0.19        80
          21       0.03      0.06      0.04        85
          22       0.41      0.43      0.42        81
          23       0.45      0.38      0.41        78
          24       0.03      0.05      0.04        77
          25       0.00      0.00      0.00        15
          26       0.20      0.22      0.21        67
          27       0.00      0.00      0.00        12
          28       0.00      0.00      0.00        16
          29       0.05      0.03      0.04        59
          30       0.03      0.02      0.02        60
          31       0.05      0.05      0.05        64
          32       0.00      0.00      0.00        55
          33       0.00      0.00      0.00        45
          34       0.00      0.00      0.00        51
          35       0.00      0.00      0.00        45
          36       0.00      0.00      0.00        46
          37       0.00      0.00      0.00        42
          38       0.04      0.02      0.03        51
          39       0.08      0.10      0.09        84
          40       0.00      0.00      0.00        24
          41       0.00      0.00      0.00         7
          42       0.06      0.06      0.06        80
          43       0.50      0.07      0.12        14
          44       0.00      0.00      0.00        57
          45       0.00      0.00      0.00        46

    accuracy                           0.10      2307
   macro avg       0.07      0.07      0.06      2307
weighted avg       0.09      0.10      0.09      2307
